n1=41; n2=41; n3=41;
b1=    1.740494545,              0,   -1.740494545
b2=              0,    1.740494545,   -1.740494545
b3=              0,              0,     3.48098909
