n1=20; n2=20; n3=20;
b1=   -1.539996399,    1.539996399,    1.539996399
b2=    1.539996399,   -1.539996399,    1.539996399
b3=    1.539996399,    1.539996399,   -1.539996399
